LONG	LAT	AMT	MDR	ISO	TSN	MWMT	MCMT	TAR	MWeQT	MDQT	MWQT	MCQT	AP	PWM	PDM	PS	PWeQ	PDQ	PWQ	PCQ	ID1
1	-118.73	55.06	17	121	27	10939	223	-217	440	146	-42	146	-133	486	74	21	45	212	69	212	90	lp
2	-110.25	49.66	15	131	30	10064	234	-197	431	118	-40	141	-116	413	70	18	44	167	58	161	68	lp
3	-115.41	54.71	-5	125	28	10442	198	-235	433	120	-67	120	-146	576	105	22	62	290	75	290	78	lp
4	-118.83	54.65	17	118	29	9713	210	-191	401	133	-38	133	-115	537	78	25	43	228	82	228	98	lp
5	-119	54.41	13	112	31	8647	195	-165	360	119	-41	119	-100	566	81	27	41	233	90	233	100	lp
6	-113.45	55.63	-9	120	25	11760	206	-258	464	130	-74	130	-170	509	97	20	60	252	64	252	77	lp
7	-117.98	59.7	-41	112	22	13866	206	-297	503	125	-127	125	-226	410	63	20	41	171	64	171	67	lp
8	-114.08	49.91	18	134	34	7984	214	-169	383	98	-22	118	-83	561	82	30	33	201	94	187	103	lp
9	-114.58	51.33	18	131	32	8988	214	-183	397	109	-32	130	-100	503	88	20	50	215	70	210	78	lp
10	-115.66	52.16	-4	134	33	8608	193	-210	403	83	-50	102	-117	582	97	22	51	254	82	251	85	lp
11	-115.5	53.08	16	146	34	9594	221	-205	426	131	-91	131	-115	555	107	16	67	279	62	279	64	lp
12	-116.16	55.25	11	129	28	11076	224	-226	450	142	-53	142	-141	508	89	21	55	244	68	244	78	lp
13	-118.5	56.16	18	101	24	11196	222	-196	418	152	-46	152	-132	441	73	19	48	196	62	196	77	lp
14	-118.91	56.25	12	107	24	11552	221	-214	435	148	-52	148	-145	438	72	18	49	197	60	197	74	lp
15	-119.41	55.08	22	115	27	10253	219	-197	416	143	-36	143	-118	501	73	22	42	210	74	210	93	lp
16	-116.08	52.63	10	139	34	8571	211	-192	403	115	-37	115	-103	577	102	18	60	274	71	274	72	lp
17	-117.53	53.2	7	124	33	8434	195	-176	371	111	-44	111	-104	537	88	21	51	242	76	242	83	lp
18	-116.58	53.73	21	138	34	9343	224	-180	404	134	-34	134	-105	569	110	18	67	292	65	292	71	lp
19	-116.16	53.5	18	141	33	9551	224	-192	416	133	-40	133	-112	565	109	18	67	289	65	289	68	lp
20	-115.08	50.66	-16	118	32	7969	172	-194	366	19	-56	84	-116	651	88	38	25	216	130	198	150	lp
21	-115.41	58.75	-33	106	21	13399	200	-290	490	127	-117	127	-214	441	71	21	45	189	65	189	71	lp
22	-116.06	54.03	12	134	32	9719	215	-199	414	130	-45	130	-118	590	111	19	66	303	69	303	75	lp
23	-115.91	52.96	16	144	34	9224	221	-195	416	128	-88	128	-109	564	106	16	64	279	66	279	66	lp
24	-116.83	53.88	12	131	34	8779	206	-174	380	121	-40	121	-103	606	114	19	64	302	70	302	81	lp
25	-118.8	58.63	-16	118	23	13497	225	-277	502	143	-93	143	-199	406	65	18	47	179	59	179	66	lp
26	-119.86	56.55	-2	109	24	11696	209	-233	442	136	-67	136	-160	455	77	19	50	206	65	206	75	lp
27	-116.53	57.76	-8	120	24	13164	229	-268	497	147	-83	147	-188	420	67	18	47	188	59	188	67	lp
28	-115.83	53.68	19	141	32	10009	227	-203	430	138	-93	138	-118	571	108	18	66	291	67	291	71	lp
29	-110.16	49.66	16	132	30	10146	236	-199	435	120	-40	143	-117	409	69	18	43	165	57	160	67	lp
30	-114.63	49.63	13	127	34	7784	208	-163	371	50	75	112	-85	719	83	46	17	212	154	183	193	lp
31	-114	49.86	18	134	35	8014	214	-168	382	99	-22	119	-83	545	82	28	36	200	87	187	95	lp
32	-119.66	55.71	10	113	26	10814	212	-210	422	138	-52	138	-137	473	75	19	48	211	66	211	82	lp
33	-119.2	56.7	-14	103	23	11546	194	-238	432	124	-80	124	-169	474	80	20	50	214	69	214	77	lp
34	-119.95	56.33	4	112	25	11465	213	-225	438	139	-60	139	-151	460	76	19	49	207	65	207	77	lp
35	-119.4	54.76	17	114	28	9618	208	-188	396	132	-38	132	-114	545	76	25	39	221	84	221	102	lp
36	-119.2	54.55	14	112	30	8999	199	-174	373	123	-40	123	-106	567	78	27	39	229	90	229	104	lp
37	-115.1	52.65	19	148	34	9637	223	-202	425	136	-88	136	-112	530	103	15	66	261	58	261	58	lp
38	-115.51	52.5	10	145	34	9225	211	-211	422	104	-95	122	-116	562	100	17	62	266	70	266	70	lp
39	-115.48	52.07	-2	135	33	8782	194	-211	405	86	-51	106	-119	574	97	22	51	251	82	246	84	lp
40	-115.43	52.17	1	139	33	9009	199	-216	415	92	-50	111	-120	574	101	20	57	262	76	258	78	lp
41	-115.21	51.95	5	137	33	9123	203	-207	410	97	-48	117	-118	553	96	21	53	248	76	241	79	lp
42	-119.54	57.72	-25	108	23	12315	197	-266	463	122	-96	122	-190	462	79	21	49	209	70	209	73	lp
43	-119.31	53.94	11	107	32	7841	185	-143	328	110	-40	110	-88	614	80	31	31	226	108	226	122	lp
44	-118.91	53.91	4	108	32	7831	178	-150	328	103	-48	103	-95	606	83	30	35	233	104	233	117	lp
45	-119.61	53.83	-3	102	31	7649	168	-154	322	94	-54	94	-99	706	82	37	22	233	135	233	163	lp
46	-116.86	54.26	24	133	33	9354	224	-173	397	138	-33	138	-100	579	106	21	61	286	71	286	86	lp
47	-119.3	58.56	-21	115	23	13299	216	-279	495	136	-97	136	-201	423	70	20	47	189	63	189	66	lp
48	-118.4	57.28	-8	113	24	12220	213	-251	464	136	-78	136	-174	443	72	19	49	199	64	199	73	lp
49	-118.25	57.23	-7	114	24	12138	214	-249	463	136	-77	136	-172	445	72	19	48	200	64	200	73	lp
50	-116.18	54.36	13	131	31	9775	215	-197	412	131	-46	131	-117	586	108	21	64	296	72	296	80	lp
51	-115.17	55.01	1	125	27	11073	208	-245	453	131	-63	131	-151	540	98	20	61	271	68	271	75	lp
52	-116.44	54.83	11	128	30	10227	216	-207	423	134	-49	134	-126	554	96	22	58	271	71	271	84	lp
53	-116.02	52.5	4	134	33	8366	203	-198	401	107	-39	107	-104	585	98	20	56	267	78	267	79	lp
54	-113.97	55.52	-11	117	25	11799	202	-265	467	128	-76	128	-173	528	97	21	58	258	69	258	82	lp
55	-114.44	49.73	8	127	34	7777	201	-168	369	44	18	106	-90	679	84	41	20	214	147	187	166	lp
56	-119.2	56.63	-10	104	24	11586	198	-235	433	127	-76	127	-166	467	79	19	51	212	67	212	76	lp
57	-118.96	57.32	-18	106	23	12015	198	-253	451	124	-88	124	-180	467	78	21	50	211	70	211	75	lp
58	-117.39	54.74	19	129	30	10013	223	-194	417	139	-38	139	-116	561	92	25	52	259	77	259	96	lp
59	-115.56	54.4	7	132	30	10379	214	-223	437	132	-52	132	-133	572	105	21	64	291	72	291	76	lp
60	-116.85	52.13	-20	110	31	7906	166	-185	351	79	-70	79	-122	655	81	36	28	233	115	233	144	lp
61	-116.56	52.1	-12	118	32	8033	178	-189	367	88	-63	88	-116	625	83	31	34	237	105	237	123	lp
62	-115.9	54.73	-3	125	29	10079	197	-222	419	118	-65	118	-138	590	106	22	61	295	76	295	81	lp
63	-114.62	51.57	18	132	33	9174	215	-185	400	111	-35	131	-103	507	89	20	52	222	69	218	75	lp
64	-114.62	51.13	21	131	32	8930	218	-180	398	111	-29	132	-96	513	87	23	44	210	77	202	88	lp
65	-117.39	53.05	-9	117	32	8185	175	-180	355	93	-60	93	-116	566	91	23	48	248	84	248	91	lp
66	-114.73	49.57	12	126	34	7742	206	-161	367	48	105	110	-86	745	83	47	17	214	154	182	208	lp
67	-117.03	53.33	22	135	34	8858	220	-173	393	130	-33	130	-96	578	101	20	58	274	72	274	81	lp
68	-116.4	52.95	10	136	34	8731	210	-186	396	117	-40	117	-105	578	104	18	60	278	72	278	73	lp
69	-116.66	53.27	23	139	34	9193	227	-178	405	135	-29	135	-101	564	105	18	63	280	68	280	72	lp
70	-117.37	53.03	-9	117	32	8185	175	-180	355	93	-60	93	-116	566	91	23	48	248	84	248	91	lp
71	-117.15	53.12	11	129	33	8598	205	-176	381	117	-42	117	-103	560	96	20	56	261	75	261	80	lp
72	-114.48	50.15	-2	125	33	7876	189	-183	372	34	-40	97	-100	638	88	36	26	216	122	196	139	lp
73	-117.32	52.93	-14	116	32	8114	170	-182	352	87	-65	87	-119	574	91	23	47	249	86	249	93	lp
74	-116.03	53.05	13	141	34	9050	215	-193	408	122	-41	122	-109	575	108	17	65	285	67	285	68	lp
75	-116.89	53.75	19	135	34	8889	217	-172	389	129	-35	129	-98	587	109	19	64	291	68	291	78	lp
76	-117.39	56.46	3	130	27	11856	230	-242	472	142	-66	142	-158	413	67	17	51	189	56	189	67	lp
77	-117.45	53.67	17	131	34	8600	209	-172	381	123	-34	123	-96	570	98	21	56	268	73	268	85	lp
78	-115.06	52.27	17	144	34	9528	218	-200	418	115	-90	133	-113	531	98	17	63	253	62	252	62	lp
79	-116.77	54.37	24	133	33	9534	225	-178	403	140	-33	140	-103	573	104	21	62	283	70	283	85	lp
80	-117.01	53.58	24	137	34	8951	223	-172	395	134	-31	134	-95	574	103	19	61	278	69	278	79	lp
81	-114.7	50.89	13	129	32	8620	208	-184	392	98	-33	119	-99	567	89	29	35	212	96	199	115	lp
82	-115.21	51.7	-2	131	33	8705	193	-203	396	84	-50	105	-117	563	93	25	46	236	85	227	92	lp
83	-114.33	49.39	20	128	34	7761	216	-151	367	58	-24	119	-78	661	80	41	18	205	146	178	162	lp
84	-114.9	50.96	-7	124	32	8358	184	-196	380	75	-49	97	-114	604	91	32	32	220	107	204	125	lp
85	-115.71	57.68	-18	114	23	12981	213	-277	490	135	-95	135	-196	448	75	20	49	202	64	202	71	lp
86	-113.53	49.04	36	135	36	7876	235	-137	372	115	-10	137	-64	512	81	27	39	193	87	174	89	lp
87	-110.32	49.61	18	132	30	10082	238	-194	432	121	-38	145	-113	404	68	18	44	163	57	157	65	lp
88	-119.27	55.65	6	108	26	10688	205	-210	415	133	-56	133	-138	481	76	20	47	214	68	214	82	lp
89	-117.69	53.76	16	128	34	8527	206	-170	376	122	-35	122	-95	566	94	23	53	259	78	259	89	lp
90	-117.2	53.76	24	135	34	8876	220	-169	389	133	-30	133	-94	574	103	20	60	278	70	278	82	lp
91	-115.98	52.07	-11	125	32	8171	181	-202	383	90	-64	90	-116	602	91	26	42	243	97	243	102	lp
92	-115.93	52.04	-11	125	32	8171	181	-202	383	90	-64	90	-116	602	91	26	42	243	97	243	102	lp
93	-110.3	49.64	18	132	30	10082	238	-194	432	121	-38	145	-113	404	68	18	44	163	57	157	65	lp
94	-117.47	58.65	-21	117	23	13402	218	-274	492	137	-98	137	-202	427	64	19	46	186	60	186	67	lp
95	-114.77	51.03	13	130	32	8793	210	-186	396	101	-33	122	-102	558	89	28	37	213	94	199	111	lp
96	-115.17	51.48	-4	128	32	8541	191	-198	389	81	-49	103	-115	571	90	28	39	224	95	213	105	lp
97	-114.73	51.46	14	132	33	9052	211	-188	399	106	-37	126	-105	519	90	21	48	222	73	215	82	lp
98	-115.78	56.92	-13	121	25	12466	215	-268	483	134	-86	134	-183	463	77	20	51	213	64	213	73	lp
99	-116.1	56.87	-11	123	25	12371	217	-264	481	135	-84	135	-180	458	75	20	50	210	64	210	72	lp
100	-117.15	54.59	22	131	31	9954	226	-191	417	142	-35	142	-112	555	94	23	55	263	73	263	91	lp
101	-116.56	55.91	1	129	27	11688	224	-247	471	138	-67	138	-159	464	76	21	50	213	64	213	77	lp
102	-128.25	55.06	38	93	29	7724	209	-110	319	-14	40	136	-63	790	109	32	38	288	110	158	247	lp
103	-120.08	50.91	29	105	31	7817	212	-123	335	129	-15	129	-71	445	47	25	20	131	79	131	118	lp
104	-123.58	55.58	15	108	28	9452	210	-171	381	131	-39	131	-112	599	65	23	23	180	103	180	161	lp
105	-127.3	54.96	38	104	29	8219	218	-137	355	41	-3	139	-72	535	64	20	30	175	77	139	144	lp
106	-118.03	50.35	47	99	30	7750	233	-96	329	-43	43	147	-52	908	126	51	32	343	169	188	325	lp
107	-115.7	49.25	16	117	32	7784	214	-141	355	-74	113	117	-81	791	95	41	26	276	139	161	255	lp
108	-115.83	49.58	49	117	31	8660	251	-123	374	-57	5	159	-64	526	59	30	22	163	102	136	146	lp
109	-117	51.5	15	113	30	8526	212	-159	371	-89	15	123	-97	726	86	40	23	239	131	192	225	lp
110	-124.18	52.16	11	154	36	8903	217	-209	426	-49	-29	117	-112	380	41	16	28	120	54	111	102	lp
111	-115.93	49.1	27	117	33	7846	226	-127	353	-65	124	128	-71	779	97	39	29	281	132	152	256	lp
112	-118.95	50.46	49	103	30	8002	239	-101	340	-46	48	152	-54	617	77	36	21	201	121	153	189	lp
113	-119.75	51.21	21	101	30	7771	202	-130	332	-72	-24	121	-78	586	65	32	18	176	111	160	164	lp
114	-128.28	54.81	49	86	28	7588	215	-91	306	-3	91	145	-50	961	143	42	43	378	133	160	317	lp
115	-125.05	56.91	3	110	26	10429	203	-213	416	128	-50	128	-140	466	61	14	35	162	60	162	121	lp
116	-123.79	52.47	2	152	36	8715	204	-212	416	107	-40	107	-117	393	49	17	31	137	54	137	94	lp
117	-132.03	53.38	69	59	31	4367	172	-13	185	47	125	129	19	1711	240	66	41	668	223	286	560	lp
118	-120.32	51.31	30	106	31	7825	211	-129	340	-65	-14	130	-71	532	58	29	19	157	98	151	146	lp
119	-119.98	49.81	30	112	32	7818	219	-122	341	130	-15	130	-71	317	34	17	23	98	56	98	79	lp
120	-119.58	51.68	37	109	30	8247	229	-128	357	-64	39	141	-71	714	80	38	19	220	135	187	202	lp
121	-120.75	55.41	9	111	28	9656	201	-187	388	126	-49	126	-121	571	81	23	38	226	91	226	119	lp
122	-118.46	50.2	33	97	29	7695	217	-108	325	-57	27	133	-64	706	89	43	23	238	142	168	222	lp
123	-120.33	50.56	51	111	32	8076	240	-106	346	154	6	154	-54	338	36	16	24	105	55	105	88	lp
124	-121.11	53.01	27	118	33	7903	210	-143	353	-69	25	125	-77	928	96	52	16	273	179	248	261	lp
125	-125.2	53.25	3	121	34	7808	182	-168	350	-90	-43	100	-100	469	52	20	25	149	76	134	133	lp
126	-116.5	50.83	-1	108	30	7817	189	-162	351	-92	-49	99	-100	719	81	44	19	226	145	184	215	lp
127	-118.63	49.63	8	97	30	7432	190	-130	320	-77	-40	104	-84	528	59	34	18	158	104	143	146	lp
128	-122.05	51	16	106	31	7521	191	-145	336	-73	-31	112	-78	471	54	25	21	148	90	129	142	lp
129	-122.18	51.15	9	109	31	7569	186	-158	344	-80	-38	105	-85	459	51	24	22	136	86	135	132	lp
130	-127.9	55.48	25	103	29	8139	205	-145	350	29	27	126	-83	583	69	21	31	186	82	152	163	lp
131	-127.35	54.65	19	99	29	7586	192	-140	332	-28	15	115	-79	625	74	25	28	210	93	155	179	lp
132	-127.7	54.81	20	95	29	7495	191	-134	325	-26	16	116	-76	672	82	28	30	228	100	158	196	lp
133	-127	54.76	19	111	30	8189	202	-160	362	-32	-26	120	-90	507	54	18	27	159	75	147	135	lp
134	-120.76	49.26	13	106	33	7236	189	-128	317	-71	104	106	-78	636	90	36	34	250	114	117	230	lp
135	-118.83	51.07	11	94	29	7642	191	-130	321	-79	5	110	-86	787	98	44	22	265	149	185	250	lp
136	-123.18	54.31	25	120	31	8818	218	-163	381	134	-22	134	-93	608	61	25	21	180	104	180	160	lp
137	-120.35	51.48	29	106	31	7859	210	-131	341	-66	-14	129	-72	582	64	31	18	173	110	163	162	lp
138	-115.95	49.4	18	113	32	7849	213	-139	352	-73	115	119	-81	758	91	41	25	262	138	159	242	lp
139	-118.03	49.71	20	95	29	7508	202	-117	319	-66	-29	117	-73	694	83	45	21	227	143	168	209	lp
140	-116.66	49.36	11	103	31	7538	199	-133	332	-75	106	109	-81	823	103	43	28	295	143	164	273	lp
141	-130.33	57.5	2	117	32	8754	189	-174	363	67	-45	109	-114	506	63	17	36	180	64	148	119	lp
142	-130.36	57.12	6	106	31	8042	181	-152	333	7	5	107	-98	695	95	28	34	242	100	173	180	lp
143	-128.75	54.81	26	82	29	6787	180	-99	279	-19	57	115	-59	1093	152	50	39	415	157	191	357	lp
144	-122.03	53.86	29	120	31	8693	220	-167	387	-78	30	135	-88	849	89	38	20	255	150	223	243	lp
145	-117.53	49.21	53	102	30	7882	245	-89	334	-38	150	155	-45	807	105	42	31	298	129	154	274	lp
146	-117.98	49.26	39	100	30	7796	228	-103	331	-51	136	140	-58	714	89	41	25	248	130	154	229	lp
147	-115.68	50.48	15	121	32	8222	213	-163	376	97	-35	118	-91	615	72	35	20	179	124	168	168	lp
148	-120.95	49.5	26	107	33	7289	202	-116	318	-60	119	119	-67	651	93	36	37	262	114	114	240	lp
149	-123.05	53.53	29	128	33	8644	222	-162	384	134	-14	134	-88	558	60	24	25	180	86	180	134	lp
150	-121.05	52.08	22	102	31	7631	192	-134	326	-70	19	119	-76	852	98	45	19	265	168	218	253	lp
151	-121.45	53.06	7	114	34	7592	183	-151	334	-84	0	103	-90	1025	105	59	14	302	209	267	291	lp
152	-116.26	49.31	27	111	32	7781	221	-124	345	-64	123	127	-70	767	95	40	28	275	134	153	251	lp
153	-115.28	49.61	28	124	33	8099	225	-146	371	-68	125	131	-76	770	91	44	24	259	143	167	245	lp
154	-119.7	49.88	47	113	32	7944	240	-106	346	149	2	149	-56	328	35	18	21	100	59	100	83	lp
155	-119.28	52.86	25	113	29	8535	219	-158	377	-81	28	130	-88	657	72	37	19	195	115	173	187	lp
156	-119.16	52.76	17	111	30	8399	207	-160	367	-87	18	121	-94	707	77	39	19	216	126	183	206	lp
157	-121.4	56.92	0	106	25	11004	206	-213	419	133	-146	133	-146	479	85	23	50	215	74	215	74	lp
158	-122.68	51	26	115	32	7733	210	-146	356	-66	-20	124	-72	460	55	23	24	154	83	119	143	lp
159	-122.58	51.13	-1	114	33	7369	175	-170	345	92	-48	92	-92	456	51	24	23	138	84	138	130	lp
160	-129.1	59.93	-31	121	24	12918	203	-287	490	124	-97	124	-206	490	62	18	28	161	77	161	115	lp
161	-122.71	58.6	-14	125	25	13318	226	-271	497	144	-82	144	-194	453	80	19	53	207	61	207	65	lp
162	-126.05	55.61	8	116	29	9162	200	-193	393	-103	-41	120	-117	520	57	21	24	159	85	150	147	lp
163	-119.1	49.44	49	115	33	7902	244	-102	346	128	4	151	-52	378	42	23	20	112	75	109	98	lp
164	-118.88	49.56	42	110	32	7832	234	-106	340	-51	-4	143	-58	443	49	28	19	129	88	123	119	lp
165	-122	53.26	17	120	33	8035	202	-157	359	-81	15	118	-87	858	87	45	16	247	165	239	234	lp
166	-122.66	53.2	33	124	32	8554	224	-154	378	138	-9	138	-82	584	64	26	24	188	92	188	142	lp
167	-126.46	55.9	6	116	29	9243	199	-200	399	-108	-43	117	-120	516	56	20	24	155	82	150	144	lp
168	-119.73	51.58	24	104	30	7921	208	-133	341	-72	22	125	-78	658	73	36	18	200	126	175	187	lp
169	-117.8	49.16	58	105	30	8056	253	-89	342	-36	156	161	-43	755	97	38	30	273	121	148	253	lp
170	-123.68	59.53	-17	115	24	13315	222	-257	479	143	-89	143	-193	457	84	17	53	210	60	210	63	lp
171	-120.4	49.78	24	111	33	7688	208	-126	334	-67	-21	122	-75	358	40	19	22	110	65	102	100	lp
172	-116.01	49.61	32	112	31	8176	229	-130	359	-65	131	137	-72	641	74	40	22	211	130	149	193	lp
173	-120.01	49.53	11	108	32	7552	194	-135	329	84	-36	108	-84	354	38	20	22	106	66	106	92	lp
174	-120.56	51.05	14	100	31	7447	186	-132	318	-75	-30	110	-80	499	54	28	19	145	94	143	137	lp
175	-120.53	50.58	22	103	32	7485	197	-122	319	118	-23	118	-73	391	40	21	21	117	69	117	103	lp
176	-121.01	49.73	31	105	33	7340	205	-111	316	-56	122	125	-63	590	81	35	33	230	110	111	210	lp
177	-124.4	49.2	75	83	36	5126	211	-17	228	21	143	143	16	1679	272	41	59	765	140	157	705	lp
178	-123.3	51.51	4	139	36	7763	192	-188	380	100	-40	100	-96	358	44	17	31	127	53	127	87	lp
179	-122.88	56.38	-4	103	27	9610	187	-188	375	115	-63	115	-130	579	84	24	33	218	97	218	121	lp
180	-122.45	55.91	-8	98	27	9042	176	-181	357	106	-66	106	-124	635	87	25	30	228	113	228	144	lp
181	-119.28	49.95	41	109	32	7861	232	-108	340	-52	-4	142	-60	405	44	25	18	116	78	115	107	lp
182	-115.8	50	44	119	31	8565	244	-133	377	-60	-3	152	-69	550	62	30	21	167	107	146	154	lp
183	-116.03	49.05	39	119	33	7904	241	-114	355	-54	136	141	-61	764	97	37	30	283	126	144	254	lp
184	-119.98	51.61	50	115	30	8417	247	-128	375	-53	7	155	-61	551	58	29	20	161	96	160	147	lp
185	-121.75	53.78	23	119	31	8404	210	-162	372	-80	22	127	-89	904	95	43	19	270	164	240	259	lp
186	-117.1	51.16	-6	98	29	7748	178	-155	333	-98	-12	94	-104	938	119	54	26	332	178	209	318	lp
187	-115.28	49.05	49	132	35	8163	259	-117	376	-49	146	154	-56	652	76	38	24	221	121	144	202	lp
188	-115.68	49.38	12	115	32	7791	208	-147	355	-78	108	112	-85	778	91	42	24	264	142	164	246	lp
189	-122.73	50.5	43	102	30	7456	224	-111	335	-46	133	138	-52	740	107	36	43	309	118	119	277	lp
190	-122.85	50.26	44	99	30	7159	220	-104	324	-41	135	135	-47	892	133	38	46	381	127	127	341	lp
191	-125.65	56.45	-26	110	28	9292	169	-222	391	89	-78	89	-149	487	64	17	31	170	72	170	126	lp
192	-119.12	50.7	46	104	30	8008	236	-105	341	-49	45	149	-57	633	78	36	21	205	122	158	192	lp
193	-119.18	50.7	58	107	30	8163	251	-97	348	-39	13	163	-48	604	73	34	20	193	117	153	180	lp
194	-120.28	56.06	14	114	26	11107	220	-212	432	145	-49	145	-137	472	76	19	47	209	66	209	82	lp
195	-121.93	55.33	10	103	28	9028	196	-169	365	122	-45	122	-108	678	82	24	25	224	121	224	173	lp
196	-121.23	54.91	11	111	29	8995	199	-174	373	122	-42	122	-109	697	81	28	25	231	124	231	175	lp
197	-124.14	53.63	6	134	34	8574	201	-184	385	111	-39	111	-109	486	58	20	26	160	76	160	123	lp
198	-124.2	53.61	6	134	34	8509	199	-184	383	110	-40	110	-109	483	58	20	26	158	75	158	123	lp
199	-124.71	54.7	23	113	29	8970	212	-166	378	-86	-27	133	-99	501	54	21	23	152	84	147	139	lp
200	-121.38	51.83	45	124	33	8276	235	-132	367	148	1	148	-66	462	58	19	29	158	69	158	115	lp
201	-115.52	49.43	49	124	32	8470	254	-123	377	-54	149	157	-61	620	72	39	23	207	124	144	188	lp
202	-121.08	50	41	105	32	7510	218	-103	321	-49	37	137	-55	500	66	30	30	188	97	102	172	lp
203	-132.1	53.83	72	64	32	4500	178	-20	198	50	109	132	18	1429	200	60	40	566	194	260	450	lp
204	-126.91	50.63	86	55	34	3792	178	20	158	60	135	135	40	1637	229	55	48	679	195	195	586	lp
205	-120.31	51.03	38	108	31	7965	223	-122	345	140	-6	140	-65	445	47	24	21	133	77	133	118	lp
206	-120.18	51.15	54	115	31	8301	249	-119	368	159	9	159	-54	439	47	23	22	132	74	132	118	lp
207	-129.15	55.28	53	89	30	7419	214	-79	293	0	56	147	-44	1220	197	47	48	491	160	193	403	lp
208	-121.65	52.16	35	117	32	8082	218	-138	356	135	-12	135	-72	573	69	30	23	186	98	186	144	lp
209	-123.95	52.23	12	156	36	9144	221	-210	431	121	-28	121	-115	370	43	15	29	119	50	119	91	lp
210	-122.61	51.7	24	128	33	8367	215	-171	386	127	-22	127	-85	355	51	16	34	133	55	133	84	lp
211	-124.65	49.41	94	86	36	5265	235	0	235	36	164	164	31	1523	241	36	60	689	124	124	631	lp
212	-119.05	49.56	47	113	32	7871	240	-103	343	126	1	148	-54	403	44	25	19	118	79	115	106	lp
213	-119.05	50.35	21	98	30	7665	203	-121	324	-69	-26	120	-76	546	63	33	18	168	106	145	156	lp
214	-124.66	49.23	57	83	37	4881	189	-34	223	6	121	123	2	1913	302	50	57	852	168	187	790	lp
215	-124.51	49.3	81	84	36	5146	219	-11	230	26	149	150	21	1637	261	40	59	740	137	155	681	lp
216	-117.91	49.3	36	99	30	7749	224	-105	329	-53	133	136	-59	737	92	42	26	257	133	157	238	lp
217	-128.58	54.43	61	73	25	7211	217	-67	284	11	134	153	-32	1421	227	49	51	610	157	174	501	lp
218	-122.41	52.33	39	122	32	8595	229	-144	373	144	-4	144	-76	424	53	19	32	156	60	156	94	lp
219	-121.38	51.35	40	117	33	8072	225	-128	353	141	-3	141	-67	404	47	18	28	132	63	132	107	lp
220	-118.2	49.9	51	102	31	7746	240	-89	329	-38	4	152	-46	698	87	44	23	236	145	164	219	lp
221	-122.65	57.18	-10	108	26	10672	195	-213	408	121	-72	121	-151	516	87	24	45	220	80	220	87	lp
222	-117.16	51.5	32	117	30	8882	235	-149	384	-79	36	143	-86	743	96	39	29	265	124	183	249	lp
223	-115.85	50.06	14	113	31	8050	209	-153	362	-80	-34	117	-88	672	74	42	20	210	142	165	198	lp
224	-117.58	49.11	65	108	31	8023	262	-80	342	-29	162	168	-36	759	98	39	30	277	121	146	253	lp
225	-117.85	49.47	17	95	29	7535	200	-120	320	-68	112	115	-75	719	88	46	23	243	142	163	224	lp
226	-120.43	49.61	31	116	33	7846	220	-123	343	-62	-14	131	-71	375	46	21	23	125	70	98	114	lp
227	-123.38	50.86	11	117	34	7110	187	-152	339	-73	1	101	-78	566	70	30	25	197	106	132	180	lp
228	-125.66	52.88	22	112	34	7419	192	-134	326	-67	18	114	-76	556	67	25	30	196	86	126	172	lp
229	-124.71	55.38	0	109	28	9182	192	-192	384	113	-50	113	-123	513	57	23	24	163	86	163	134	lp
230	-122.13	52.76	37	121	32	8348	224	-144	368	140	-7	140	-74	622	67	32	23	198	103	198	156	lp
231	-120.7	49.8	44	115	33	7866	231	-110	341	-51	43	143	-60	411	53	24	27	149	78	95	136	lp
232	-126.28	55.06	18	121	31	8741	205	-175	380	-86	-32	124	-102	535	59	22	24	169	89	146	153	lp
233	-122.5	53.31	35	122	32	8514	225	-152	377	139	-8	139	-79	635	67	29	22	196	104	196	160	lp
234	-117.2	51.55	27	115	30	8768	228	-149	377	-82	30	137	-89	808	104	42	28	290	137	194	273	lp
235	-123.1	51.61	12	142	36	7992	203	-186	389	111	-31	111	-91	345	46	15	34	128	50	128	81	lp
236	-123.79	55.5	-2	108	28	9172	190	-188	378	112	-56	112	-123	580	66	24	23	183	101	183	151	lp
237	-120.38	49.58	36	119	33	7987	229	-122	351	-60	-9	137	-69	356	44	19	24	119	66	95	109	lp
238	-120.4	50.85	45	109	31	7994	231	-115	346	147	1	147	-59	389	42	20	23	120	65	120	102	lp
239	-122.1	56.21	14	105	27	9827	204	-175	379	134	-45	134	-118	534	86	23	45	223	84	223	94	lp
240	-122.76	53.1	28	128	33	8558	220	-162	382	133	-14	133	-87	550	61	25	26	183	85	183	131	lp
241	-122.61	52.85	30	127	33	8526	221	-158	379	135	-12	135	-84	532	61	24	27	181	80	181	126	lp
242	-124.6	53.95	24	128	34	8613	216	-154	370	129	-21	129	-93	506	57	20	25	155	80	155	136	lp
243	-122.3	50.95	33	108	30	7847	216	-135	351	-61	-13	132	-67	436	52	21	24	145	80	116	136	lp
244	-124.31	56.08	11	108	26	10004	210	-191	401	132	-39	132	-125	522	60	22	25	170	81	170	130	lp
245	-119.31	49.48	31	111	32	7796	222	-118	340	108	-15	131	-68	364	40	21	21	108	70	107	94	lp
246	-126.55	53.83	24	100	30	7607	192	-137	329	-21	18	119	-76	588	68	24	28	198	88	144	175	lp
247	-124.5	53.27	6	137	35	8471	200	-183	383	110	-38	110	-108	450	54	18	27	145	67	145	117	lp
248	-125.21	54.89	18	107	29	8707	201	-164	365	-86	-31	126	-99	501	55	21	23	154	85	145	142	lp
249	-127.24	54.07	24	94	29	7253	190	-125	315	-20	18	116	-68	779	99	34	33	282	119	163	239	lp
250	-120.11	50.01	30	110	32	7796	216	-121	337	129	-15	129	-71	326	34	17	23	101	56	101	82	lp
251	-120.55	49.66	38	118	33	7936	229	-119	348	-57	-6	138	-67	386	49	22	25	135	73	95	123	lp
252	-123.35	53.2	11	138	35	8592	206	-188	394	115	-32	115	-105	500	59	21	28	171	75	171	120	lp
253	-124.23	55.02	10	112	29	9167	203	-182	385	123	-42	123	-113	533	57	23	22	163	91	163	143	lp
254	-120.37	49.1	5	107	33	7376	185	-138	323	-80	99	100	-87	531	71	34	28	195	104	112	179	lp
255	-125.64	53.35	21	112	33	7811	193	-146	339	-71	18	118	-83	486	56	21	27	162	76	128	143	lp
256	-124.39	53.21	9	139	35	8560	204	-184	388	113	-35	113	-107	445	53	18	27	143	65	143	114	lp
257	-114.9	49.29	18	127	34	7788	217	-150	367	-72	112	118	-80	774	85	44	21	245	146	172	235	lp
258	-125.53	52.58	16	113	35	7150	184	-135	319	-69	10	106	-77	576	71	27	31	205	92	124	180	lp
259	-122.55	51.33	0	117	33	7502	178	-175	353	95	-47	95	-93	431	52	22	26	140	76	140	116	lp
260	-122.95	52.35	11	141	35	8384	203	-190	393	113	-32	113	-101	431	57	19	35	163	61	163	97	lp
261	-119.67	50.18	22	104	31	7675	205	-125	330	120	-24	120	-76	368	38	21	21	111	66	111	94	lp
262	-123.12	53.82	30	126	32	8693	223	-160	383	136	-14	136	-87	567	60	24	23	178	90	178	140	lp
263	-124.85	53.59	21	127	34	8395	209	-156	365	-82	-23	124	-92	477	53	19	26	147	74	143	130	lp
264	-124.12	54.75	19	117	29	9176	215	-177	392	132	-32	132	-104	521	55	22	22	156	88	156	141	lp
265	-120.65	49.5	41	120	34	7968	232	-118	350	-56	40	140	-65	453	63	27	33	175	85	96	160	lp
266	-122.26	52.68	23	122	33	8201	208	-157	365	125	-21	125	-85	599	66	30	23	195	101	195	149	lp
267	-126.88	54.76	5	110	30	8014	186	-171	357	-91	0	105	-100	521	56	20	25	157	81	154	141	lp
268	-123.81	54.79	16	116	29	9099	211	-176	387	128	-35	128	-106	561	59	23	22	167	96	167	152	lp
269	-119.3	52.91	25	113	29	8535	219	-158	377	-81	28	130	-88	657	72	37	19	195	115	173	187	lp
270	-114.78	49.43	9	125	34	7709	204	-161	365	-79	102	107	-88	761	82	46	18	224	153	180	218	lp
271	-123.43	51.92	21	148	37	8533	220	-174	394	125	-20	125	-94	346	43	14	33	127	46	127	77	lp
272	-120.06	51.69	45	114	30	8317	239	-132	371	-56	1	149	-65	586	62	31	19	173	106	166	159	lp
273	-118.93	49.72	18	102	31	7568	202	-124	326	-70	-29	116	-77	455	50	28	19	132	88	128	122	lp
274	-118.92	49.88	18	101	31	7574	202	-123	325	-70	-28	116	-77	471	52	29	18	138	90	132	127	lp
275	-124.59	56.05	3	107	26	9887	200	-200	400	123	-47	123	-131	509	59	22	26	167	79	167	127	lp
276	-123.17	54.59	22	115	30	8914	215	-164	379	-86	23	132	-97	636	65	25	21	186	110	182	175	lp
277	-120.89	50.3	41	105	32	7609	218	-104	322	-50	-2	139	-56	386	44	21	21	124	71	102	114	lp
278	-120.65	50.35	24	104	32	7467	199	-119	318	-65	-20	121	-70	380	40	21	20	111	68	110	102	lp
279	-124.56	56.06	1	107	26	9832	198	-200	398	120	-50	120	-132	515	61	22	26	171	80	171	127	lp
280	-120.53	51.79	31	106	30	7858	210	-134	344	-65	29	130	-72	693	78	36	19	212	132	185	200	lp
281	-122.87	47.01	103	111	44	4972	251	1	250	46	168	168	43	1255	203	21	63	599	92	92	550	lp
282	-108.19	39.57	42	158	39	8220	256	-144	400	26	124	150	-61	508	54	30	13	143	115	117	118	lp
283	-128.54	59.6	-40	117	24	12636	190	-295	485	111	-104	111	-211	477	64	18	31	167	73	167	106	lp
284	-122.34	42.23	63	144	43	6378	256	-73	329	-8	146	146	-14	780	138	10	63	373	54	54	336	lp
286	-122.958	39.436	122	167	50	5858	321	-13	334	60	200	200	55	1055	204	2	86	558	17	17	544	lp
