LONG	LAT	AMT	MDR	ISO	TSN	MWMT	MWCT	TAR	MWeQT	MDQT	MWQT	MCQT	AP	PWM	PDM	PS	PWeQ	PDQ	PWQ	PCQ	ID1	ID2
1	34.42	53.26	5.2	8.2	2.3	976.6	23.7	-11.7	35.4	17.5	-6.8	17.5	-7.3	57.7	7.9	2.6	3.3	21.7	8.8	21.7	9.8	Pabi	BRI
2	26.69	66.44	-0.2	8.9	2.3	976.6	19.3	-18.1	37.4	11	-7.6	12.8	-12.6	52.9	6.8	2.8	3.1	19	8.5	18.9	9.9	Pabi	FIPA17
3	12.26	47.46	5.3	9.8	3.3	681.5	20.4	-8.9	29.3	13.7	-2.5	13.7	-3.8	106.4	14.9	5.3	3.7	42	16.8	42	17.4	Pabi	GERH
4	12.26	47	-1.2	6.8	2.9	563.7	10.7	-12	22.7	5.9	-8.2	5.9	-8.2	130.9	15.5	7.6	2.3	44.2	24.6	44.2	24.6	Pabi	GERL
5	13.6	42.27	10.6	9	3.2	644.7	26	-1.6	27.6	7.3	18.9	18.9	2.6	86.2	10.3	4.7	2.2	29	16.6	16.6	21.5	Pabi	ITAH
6	13.6	41.81	9.6	8.1	3.1	612.8	24	-1.5	25.5	6.7	17.6	17.6	2.2	87.5	11.5	4.1	2.7	30.9	15.1	15.1	23.6	Pabi	ITAL
7	18.29	64.75	0.4	9.4	2.5	953.2	19.5	-18.1	37.6	12.8	-6.2	12.8	-11.9	57.5	8.3	3	3.2	21.2	9.6	21.2	11.3	Pabi	SEPA15
8	12.92	61.6	1.5	7.7	2.5	798.3	17.7	-12.8	30.5	11.9	-7.8	11.9	-8.7	65.7	9.3	2.9	3.7	25.1	9.7	25.1	11.2	Pabi	SWE
9	12.92	62.06	0.7	7.6	2.4	793.2	16.9	-13.6	30.5	11.1	-5.2	11.1	-9.4	66.8	9.5	3	3.6	25.5	10	25.5	11.6	Pabi	SWE
